PC1	PC2	PC3	PC4	PC5	PC6	PC7	PC8	PC9	PC10	PC11	PC12	PC13	PC14	PC15	PC16	PC17	PC18	PC19
50RH_Bag1_1	-0.276117877357254	0.136394841294638	0.0720314922882123	0.0283485001697912	-0.172313699827361	0.168296393183497	0.276294164698101	0.0637814286501078	-0.0195932360383142	-0.0415830332769173	0.0499949390915922	-0.62349354884185	-0.560950947897935	0.00339484730480337	-0.0071774639016181	0.00401359235069875	-0.00180434219482555	-0.00206764418070669	-0.229415733870562
50RH_Bag1_2	-0.221694460952213	0.0618838859509718	0.0298488231396036	0.0289893793069976	-0.0929627327877536	0.235805553053026	0.273026674073028	-0.00644847967173581	0.00562040291395958	0.00304294775145272	-0.0765935785275906	-0.315523124986944	0.798241292719924	-0.0147373506103785	0.0617113517352286	-0.081505470948496	0.0215152347558034	0.00667855246459291	-0.229415733870561
50RH_Bag1_3	-0.274786809211142	0.0772257109906969	0.0587774155265883	0.0395549764975657	-0.147435248980732	0.300921123229601	0.471892385639178	0.033384225665189	0.0338290331425279	0.166609480255384	0.0492318107528099	0.687494904192294	-0.144166035744755	-0.00154484874065082	0.00276720021181294	-0.00381306299350562	0.00229298512772166	0.000101189429581152	-0.229415733870562
85RH_Bag1_1	-0.089096403443754	0.453826223612551	0.0563102383180338	0.0359337848817289	-0.189901048752864	-0.285125362656405	-0.230836060022426	0.0484631318385273	0.733000332992417	-0.108564054576724	0.0363062412177287	0.0650037624107657	0.0349098866419111	-0.000164034195889444	0.0092453374046707	-0.00830465222976399	0.00472071017300375	0.00153566566516057	-0.229415733870562
85RH_Bag1_2	-0.114928328954472	0.486771315174317	0.063597842244822	0.0477570454003468	-0.249903273286394	-0.280802090049886	-0.268536340276213	0.099841259176398	-0.672647893789554	-0.00679126244463975	-0.00704928394665728	0.109549975024663	0.0523291117875028	0.00046728562312548	0.0103012619039544	-0.00901408759431882	0.00493722761308765	0.00204039598522123	-0.229415733870562
100RH_Bag1_1	0.217368566235499	0.00511491851716359	-0.00551871210967914	-0.0166957475431278	-0.00165000645190525	-0.0490531436710296	0.114913727876588	-0.416157017261075	-0.0365581100279328	-0.225589657574415	-0.0488086902031715	0.025929735382664	-0.0352718078835348	0.106206450051199	-0.125159503791815	-0.109910808322391	0.0864088560553144	0.779721542048993	-0.229415733870562
100RH_Bag1_2	0.165153972804264	0.0211337245640814	-0.0073342234597873	-0.0116114125596034	-0.0172002831233758	-0.000913605782480094	0.0801161214015141	-0.348421559073929	-0.0254301145813136	-0.121890387225113	-0.0149136505592942	-0.00524931601104538	0.0456984302736421	0.0545026295096465	-0.211957148947439	0.687932446307183	-0.439816223163997	-0.242727150559825	-0.229415733870562
100RH_Bag1_3	0.230541272999848	0.00995998122754082	-0.00675713541214469	-0.0185366145186677	0.0144252413756798	-0.0615392599282897	0.112445980975795	-0.43015712391565	-0.0360656398482621	-0.201726795748517	-0.0647169784301469	0.0300615493096747	-0.0586854842845715	0.113617412132151	-0.0896700853214221	-0.475989529552342	0.251936164301326	-0.574924650751109	-0.229415733870562
50RH_Bag2_1	-0.340116828340204	-0.306390694149623	0.457526770132354	-0.677597633976201	0.112190672775092	-0.133974399806175	-0.183507864025165	-0.05976351008756	-0.00564040933467134	-0.00634648464562389	-0.013487191128882	0.0359327433891129	-0.00101205386039172	0.00200400348271972	-0.00332753139833944	-0.000524988441910131	0.000388839407114716	-9.76773924356068e-05	-0.229415733870562
85RH_Bag2_1	0.119825206261452	0.132757087222175	-0.0252745511877956	0.00478718035599129	0.26317366837022	0.0391710344041121	-0.0805407157776987	-0.0197272768068955	0.051873819796365	0.584020777549194	-0.693470341628207	-0.059021249255801	-0.0881454378622439	0.0210160472337494	-0.0021732970339769	-0.00447782730835822	-0.00513580112037064	0.02520371617419	-0.229415733870562
100RH_Bag2_1	0.25354412333825	-0.0959224715951028	0.0105008433775618	-0.0145782456345381	-0.0609200204362096	-0.0169546453686617	0.0368396075005535	-0.0398373106007173	-0.0136054609176788	-0.111328147900973	-0.0297804968839596	0.0210592419056606	-0.0557363400712746	-0.317607917883739	0.852231355689651	0.140080302624735	0.0520933901938277	-0.00957852878312871	-0.229415733870562
50RH_Bag3_1	-0.299094045027772	-0.432342306663002	0.262021839325393	0.714262762141563	0.0756999277357599	-0.154927765515956	-0.220641128411405	-0.112855795141058	0.00254386872412794	0.0150964747171196	-0.00161505169577999	0.0235390033802578	-0.013046370555763	0.00564662475355341	-0.00278031559161735	-0.00319336182731027	0.00118278058265579	-0.000221642599703213	-0.229415733870562
85RH_Bag3_1	0.0467740271237522	0.137925077533078	-0.0186090444574198	0.0419211586588553	0.710590419396769	-0.366847219573112	0.357209499651425	0.29761135636366	-0.0403073941515273	-0.071021283992833	0.24466944774633	-0.0129879249718298	0.0287537156806883	-0.0111369805317999	-0.0219300192915718	0.0118936043841339	-0.0096233011717541	-0.000705667429988124	-0.229415733870562
100RH_Bag3_1	0.243356784121973	-0.240580056479312	0.036756053867149	0.00699800317826185	-0.171205570922281	0.0763758158804066	0.0121494406922278	0.601189510974193	0.000241757330373906	-0.464435948780917	-0.400506763243685	0.0762271885836705	-0.012333324064601	0.141933988769569	-0.171609310168289	0.0130410978291163	0.00166088443574346	-0.0175809831108831	-0.229415733870562
50RH_Bag4_1	-0.324157631771927	-0.278042598945408	-0.819381660949925	-0.138892463085945	-0.0953114979241837	-0.246674875553681	-0.0459576821713122	-0.0173581920626745	0.000662199283188594	0.0207810880794215	-0.0301399371170983	0.0163304991401301	-0.0182198071245896	0.00323301538911669	0.00208347758623029	-0.00188049513216287	0.00112520876372872	-9.74976856769453e-08	-0.229415733870562
85RH_Bag4_1	-0.0932250350565993	0.167731676522819	-0.176765930013181	0.00245529881471241	0.398823859340429	0.638481906734613	-0.481319825849775	-0.00866621635196022	-0.0176337541308254	-0.229474977936189	0.148003697522154	0.0558346128037124	-0.0428140585341539	-0.00490115723938479	0.0209875785564375	-0.0224791766971321	0.00534329622857199	0.00203989055801543	-0.229415733870562
100RH_Bag4_1	0.261613470182757	-0.119444887537773	0.00567080790270553	-0.0237001517752351	-0.128327476488468	0.0355703134583189	-0.0671574547203688	0.101893229412063	0.0104542451984861	0.214686942791354	0.239462860034459	-0.0297571498367749	0.000652557059944341	-0.328911162570264	-0.127370065898732	-0.443215895431005	-0.636229171525926	0.037129631237591	-0.229415733870562
100RH_Bag4_2	0.234308814696259	-0.100855418572511	0.0024946032175439	-0.0207122730193384	-0.118377385616394	0.0513101230080543	-0.0658910362921094	0.0835701232327358	0.011175558683674	0.230079358984751	0.234200230741838	-0.043161269777945	0.0350745280342883	-0.485262501297605	-0.358035591753567	0.246230367491395	0.564350783548374	-0.00972543583888557	-0.229415733870562
100RH_Bag4_3	0.260731182351283	-0.1171460086673	0.0041045282499645	-0.0286835472931574	-0.129395544396028	0.050880104954047	-0.0904994949619393	0.129658215660382	0.0180807947549581	0.354434963974185	0.379212736257559	-0.0577696318404148	0.0347221456859153	0.712243648820079	0.161862770010403	0.0611179454914331	0.0946524779906001	0.00317889458100539	-0.229415733870562
